=0
=00
-0
-00
-1
-1001
-1005
-1007
-1009
-101
-1011
-1014
-1018
-1019
-102
-1024
-1026
-1028
-1029
-103
-1032
-1039
-1040
-1041
-1042
-1043
-1044
-1048
-1049
-1051
-1052
-1054
-1057
-1059
-106
-1062
-1063
-1066
-1069
-1070
-1072
-1074
-1076
-1078
-1079
-1083
-1084
-1085
-1089
-1091
-1092
-1094
-1096
-1100
-1104
-1105
-1107
-1109
-1112
-1113
-1115
-1119
-1120
-1124
-1125
-1126
-1129
-113
-1130
-1134
-1135
-1137
-1139
-114
-1141
-1143
-1146
-1147
-1148
-1150
-1152
-1156
-1157
-1159
-1163
-1164
-1165
-1167
-1169
-117
-1170
-1172
-1175
-1179
-1180
-1182
-1186
-1187
-1188
-1189
-119
-1190
-1192
-1195
-1196
-1198
-12
-1201
-1202
-1207
-1211
-1217
-122
-1222
-1227
-1228
-1230
-1231
-1233
-1235
-1237
-1238
-1239
-1241
-1242
-1243
-1245
-1247
-1248
-125
-1250
-1254
-1258
-1260
-1264
-1266
-1268
-1269
-127
-1272
-1278
-128
-1281
-1283
-1286
-1287
-1290
-1293
-1295
-1299
-130
-1302
-1304
-1305
-1306
-1307
-1308
-1309
-131
-1310
-1311
-1312
-1313
-1314
-1315
-1316
-1318
-1319
-132
-1320
-1322
-1325
-1327
-1328
-1335
-134
-1342
-1345
-1347
-1349
-135
-1351
-1355
-1357
-1359
-1366
-1368
-137
-1371
-1373
-1374
-1378
-138
-1380
-1383
-1385
-1387
-1393
-1394
-1399
-140
-1404
-1406
-1409
-141
-1411
-1419
-142
-1428
-1429
-143
-1431
-1432
-1433
-1436
-1437
-1442
-1446
-145
-1453
-1456
-1458
-1460
-1462
-1463
-1468
-147
-1470
-1471
-1472
-1475
-1478
-1481
-1483
-1491
-1494
-1496
-15
-150
-1502
-1506
-1514
-1515
-1516
-152
-1520
-1527
-1532
-1535
-1538
-1539
-1541
-1542
-1544
-1548
-1551
-1552
-1556
-1557
-1559
-1560
-1563
-1564
-1569
-157
-1572
-1576
-1578
-158
-1580
-1582
-1586
-1587
-1594
-1597
-1599
-1606
-1608
-1609
-1611
-1615
-1620
-1623
-1628
-1629
-163
-1631
-1634
-1637
-1638
-1639
-1641
-1646
-1648
-1652
-1655
-1659
-1661
-1665
-1667
-1669
-1671
-1674
-168
-1681
-1682
-1684
-1686
-169
-1690
-1695
-1699
-17
-170
-1701
-1703
-1707
-1708
-1711
-1716
-1718
-172
-1720
-1723
-1724
-1726
-1729
-1731
-1734
-1737
-1738
-174
-1741
-1744
-175
-1750
-1754
-1757
-1758
-1762
-1763
-1769
-1770
-1773
-1774
-1776
-1778
-1779
-1780
-1782
-1783
-1785
-1788
-1790
-1793
-1795
-1796
-1797
-1798
-180
-1801
-181
-1810
-1813
-1816
-182
-1821
-1822
-1824
-1826
-1827
-1828
-1830
-1835
-1837
-184
-1840
-1843
-1845
-1848
-1849
-1851
-1852
-1854
-1855
-1858
-1861
-1865
-1869
-187
-1873
-1874
-1876
-1880
-1882
-1883
-1888
-1889
-1892
-1893
-1896
-1897
-19
-190
-1903
-1907
-1911
-1914
-1916
-1919
-192
-1923
-1926
-1928
-193
-1932
-1933
-1936
-1938
-1939
-194
-1943
-1944
-1945
-1946
-1947
-1949
-1956
-196
-1961
-1967
-197
-1970
-1974
-1980
-1983
-1986
-1988
-199
-1993
-1996
-1997
-1999
-2
-20
-2002
-2005
-2007
-2008
-2009
-2012
-2013
-2015
-2016
-2018
-2019
-202
-2021
-2023
-2024
-2026
-2027
-2028
-2031
-2036
-2037
-2039
-2041
-2042
-2044
-2048
-2050
-2052
-2053
-2055
-2057
-206
-2060
-2064
-2066
-2069
-207
-2071
-2074
-2076
-2083
-2085
-2087
-209
-2090
-2092
-2093
-2094
-2095
-2098
-2100
-2102
-2104
-2107
-2109
-211
-2110
-2111
-2113
-2119
-2124
-2125
-2129
-2138
-214
-2140
-2141
-2143
-2149
-2150
-2151
-2154
-2156
-2158
-216
-2160
-2161
-2162
-2167
-2168
-217
-2170
-2171
-2174
-2175
-2177
-2178
-2180
-2181
-2183
-2184
-2186
-219
-2190
-2192
-2193
-2195
-2196
-2197
-2198
-220
-2200
-2202
-2203
-2204
-2205
-2206
-2207
-2210
-2212
-2213
-2215
-2219
-2220
-2221
-2224
-2227
-223
-2231
-2233
-2235
-2236
-2238
-2239
-224
-2241
-2242
-2246
-2247
-2249
-2250
-2251
-2256
-2257
-2258
-2259
-2261
-2264
-2265
-2266
-2267
-2269
-2270
-2272
-2273
-2278
-2280
-2283
-2288
-229
-2290
-2291
-2294
-2295
-2296
-2297
-2298
-2300
-2301
-2302
-2305
-2306
-2307
-231
-2311
-2315
-2318
-2320
-2322
-2324
-2325
-2329
-2331
-2332
-2333
-2334
-2335
-2336
-2339
-234
-2340
-2343
-2351
-2352
-2354
-2355
-2359
-2360
-2362
-2363
-2365
-2366
-2367
-237
-2370
-2375
-2376
-2378
-238
-2380
-2383
-2385
-2387
-239
-2390
-2391
-2393
-2394
-2395
-2397
-2398
-2399
-2400
-2402
-2403
-2405
-2407
-2412
-2414
-2416
-2418
-2419
-242
-2421
-2422
-2423
-2426
-2428
-2430
-2432
-2434
-2437
-2439
-2441
-2445
-2447
-2454
-2457
-2460
-2461
-2463
-2464
-2466
-2468
-2473
-2478
-2480
-2485
-2488
-2489
-249
-2491
-2492
-2493
-2494
-2498
-2499
-2501
-2504
-2505
-2507
-2509
-2513
-2514
-2516
-2519
-252
-2523
-2530
-2537
-2539
-2540
-2542
-2544
-2546
-2547
-2548
-2549
-2551
-2552
-2554
-2556
-2558
-256
-2560
-2564
-2567
-2569
-2571
-2574
-2577
-258
-2580
-2581
-2584
-2585
-2589
-2592
-2593
-2594
-2596
-2597
-2598
-2599
-2600
-2601
-2606
-2607
-261
-2612
-2615
-2617
-262
-2620
-2624
-2626
-2628
-2634
-2635
-2639
-2641
-2646
-2648
-265
-2652
-2653
-2654
-2657
-266
-2660
-2665
-2667
-2669
-267
-2670
-2672
-2673
-2675
-2676
-2677
-2678
-2681
-2685
-269
-2690
-2692
-2693
-2694
-2696
-2698
-2699
-2702
-2703
-2705
-2708
-2709
-271
-2710
-2711
-2714
-2715
-2718
-272
-2720
-2721
-2724
-2727
-273
-2731
-2733
-2736
-2737
-2738
-2739
-274
-2740
-2742
-2744
-2747
-2750
-2752
-2756
-2759
-276
-2764
-2765
-2766
-2769
-277
-2770
-2772
-2776
-2777
-2779
-2780
-2781
-2784
-2788
-279
-2792
-2793
-2795
-2796
-2799
-2801
-2802
-2804
-2807
-2808
-281
-2810
-2812
-2814
-2817
-2820
-2821
-2822
-2823
-2824
-2825
-2826
-2827
-2828
-283
-2830
-2832
-2833
-2834
-2837
-284
-2841
-2842
-2845
-2847
-2848
-2850
-2851
-2852
-2855
-2857
-2858
-2859
-2860
-2861
-2863
-2864
-2865
-2867
-2868
-287
-2872
-2874
-2875
-2878
-288
-2882
-2884
-2891
-2893
-2894
-2895
-2896
-2897
-2898
-2902
-2904
-2906
-2908
-291
-2910
-2911
-2912
-2913
-2914
-2915
-2916
-2917
-2919
-292
-2921
-2923
-2924
-2925
-2926
-2927
-2928
-293
-2931
-2933
-2934
-2938
-2939
-2941
-2944
-2945
-2946
-2947
-2948
-295
-2950
-2951
-2952
-2956
-2957
-2958
-2959
-2961
-2962
-2963
-2965
-2968
-2973
-2975
-2976
-2978
-298
-2982
-2984
-2985
-2986
-2987
-2988
-2993
-2994
-2998
-2999
-3
-300
-3002
-3004
-3006
-3007
-3008
-301
-3012
-3013
-3017
-3019
-302
-3022
-3023
-3026
-3027
-3029
-3030
-3033
-3034
-3036
-3038
-3039
-304
-3040
-3042
-3043
-3045
-3047
-305
-3051
-3053
-3054
-3055
-3056
-3059
-306
-3061
-3063
-3064
-3066
-3069
-3070
-3071
-3072
-3074
-3075
-3077
-3078
-3079
-3082
-3083
-3085
-3090
-3092
-3093
-3095
-3097
-3098
-3099
-31
-310
-3101
-3102
-3103
-3107
-3110
-3113
-3116
-312
-3122
-3124
-3125
-3127
-3128
-3129
-3131
-3133
-3136
-3137
-3142
-3143
-3144
-3145
-3146
-3147
-3149
-315
-3150
-3153
-3155
-3159
-3161
-3162
-3163
-3164
-3166
-3168
-3170
-3171
-3172
-3173
-3174
-3177
-3178
-3179
-318
-3182
-3183
-3185
-3186
-3187
-319
-3190
-3193
-3195
-3196
-3197
-3198
-3199
-3200
-3202
-3203
-3207
-3209
-321
-3210
-3211
-3212
-3214
-3215
-3219
-322
-3223
-3224
-3226
-3229
-3231
-3233
-3235
-3236
-3237
-324
-3241
-3242
-3247
-3248
-325
-3250
-3252
-3253
-3255
-3256
-3257
-3259
-3262
-3265
-327
-3271
-3272
-3275
-3277
-3279
-328
-3280
-3281
-3282
-3284
-3286
-3287
-3288
-329
-3291
-3292
-3293
-3295
-3296
-3298
-3304
-3306
-3307
-331
-3311
-3312
-3313
-3319
-332
-3324
-3325
-3326
-3328
-3329
-333
-3331
-3332
-3333
-3334
-3335
-3339
-3340
-3343
-3346
-3347
-3350
-3351
-3353
-3354
-3356
-3358
-3361
-3362
-3363
-3364
-3367
-3369
-3370
-3374
-3377
-3379
-338
-3380
-3381
-3382
-3383
-3384
-3385
-3386
-3388
-3392
-3393
-3395
-3396
-3399
-3403
-3405
-3408
-3410
-3411
-3413
-3414
-3416
-3417
-3418
-3421
-3422
-3423
-3426
-3428
-3431
-3433
-3434
-3435
-3438
-344
-3440
-3441
-3442
-3444
-3448
-3450
-3451
-3452
-3454
-3455
-3456
-3458
-346
-3460
-3464
-3466
-3467
-3468
-3472
-3473
-3474
-3475
-3477
-348
-3480
-3481
-3483
-3485
-3487
-3489
-349
-3492
-3495
-3497
-3498
-3499
-350
-3501
-3503
-3504
-3507
-3509
-3512
-3513
-3515
-3517
-3518
-352
-3520
-3522
-3524
-3526
-3529
-3533
-3535
-3536
-3538
-3540
-3542
-3544
-3546
-3547
-3548
-3552
-3556
-3559
-356
-3561
-3562
-3565
-3568
-3570
-3571
-3572
-3573
-3574
-3578
-3583
-3585
-3588
-359
-3591
-3595
-3596
-3597
-3599
-3600
-3604
-3605
-3609
-361
-3611
-3612
-3618
-3626
-3627
-3630
-3633
-3639
-3642
-3644
-3645
-3647
-3648
-365
-3650
-3654
-3657
-3659
-3660
-3663
-3665
-367
-3670
-3672
-3673
-3679
-3680
-3681
-3683
-3687
-3688
-3689
-3690
-3696
-3697
-3700
-3701
-3704
-3707
-371
-3710
-3712
-3715
-3718
-3722
-3723
-3726
-3727
-3733
-3734
-3737
-3738
-3739
-374
-3740
-3741
-3747
-3748
-3750
-3753
-3755
-3757
-3759
-3760
-3763
-3764
-3765
-3767
-3768
-3769
-3770
-3772
-3775
-3776
-3778
-3779
-378
-3782
-3783
-3784
-3785
-3787
-3789
-379
-3791
-3792
-3798
-380
-3800
-3806
-3807
-3810
-3812
-3814
-3816
-3817
-3821
-3822
-3823
-3824
-3825
-3826
-3829
-383
-3832
-3833
-3834
-3839
-384
-3842
-3843
-3845
-3849
-3854
-3855
-386
-3862
-3865
-3867
-3868
-3869
-387
-3871
-3873
-3875
-3877
-3878
-3882
-3884
-3885
-3888
-3891
-3892
-3894
-3896
-3899
-390
-3903
-3907
-3908
-391
-3910
-3914
-3918
-392
-3920
-3925
-3927
-3928
-393
-3931
-3932
-3934
-3935
-3936
-3938
-394
-3940
-3943
-3945
-3947
-3948
-3949
-3954
-3956
-3957
-3959
-3962
-3963
-3968
-397
-3971
-3973
-3975
-3976
-3978
-3979
-3981
-3983
-3986
-3987
-3988
-399
-3990
-3992
-3993
-3994
-3996
-3998
-4
-4000
-4002
-4004
-4006
-4009
-401
-4010
-4015
-4019
-4022
-4024
-4027
-4029
-403
-4030
-4033
-4034
-4035
-4039
-404
-4040
-4041
-4045
-4049
-4050
-4055
-4056
-4058
-4061
-4062
-4064
-4066
-4067
-4069
-4070
-4072
-4073
-4075
-4076
-4078
-4079
-4085
-4086
-4089
-409
-4091
-4093
-4096
-4097
-4098
-4099
-4101
-4102
-4104
-4106
-4107
-4109
-4113
-4114
-4117
-412
-4121
-4122
-4123
-4124
-4125
-4128
-413
-4135
-4137
-4138
-4139
-4140
-4141
-4142
-4143
-4144
-4147
-415
-4150
-4157
-4160
-4163
-4166
-4168
-417
-4170
-4174
-4176
-4179
-4181
-4184
-4185
-4190
-4192
-4193
-4194
-4195
-4197
-42
-4203
-4204
-4205
-4206
-4208
-4209
-4211
-4212
-4216
-422
-4222
-4223
-4224
-4225
-4229
-4230
-4231
-4233
-4234
-4236
-4237
-4238
-424
-4247
-425
-4250
-4252
-4255
-4256
-426
-4262
-4263
-4264
-4266
-4268
-4269
-4271
-4274
-4275
-4278
-4279
-4284
-4289
-4292
-4293
-4295
-4300
-4302
-4305
-4306
-4307
-431
-4310
-4311
-4313
-4316
-4318
-432
-4320
-4321
-4322
-4323
-4324
-4327
-4331
-4333
-4338
-4339
-4343
-4345
-4348
-4349
-435
-4350
-4351
-4355
-4358
-4359
-437
-4370
-4372
-4373
-4376
-4377
-4386
-4388
-4389
-4394
-4395
-440
-4400
-4401
-4405
-4406
-4408
-4414
-4416
-4418
-4419
-4425
-4428
-4429
-4430
-4431
-4433
-4434
-4435
-4439
-4441
-4443
-4445
-4447
-4448
-4450
-4451
-4456
-4457
-4460
-4463
-4465
-4469
-447
-4470
-4471
-4475
-4477
-448
-4480
-4481
-4483
-4484
-4487
-4489
-4490
-4494
-4497
-4499
-4501
-4502
-4503
-4504
-4505
-4506
-4508
-451
-4510
-4511
-4515
-4516
-4521
-4524
-4525
-4526
-4528
-4529
-453
-4533
-4537
-4538
-4541
-4543
-4544
-4545
-4547
-4548
-4553
-4555
-4558
-4559
-4563
-4569
-457
-4570
-4572
-4574
-4580
-4581
-4585
-4586
-4588
-4589
-459
-4590
-4593
-4595
-4599
-46
-460
-4601
-4602
-4604
-4607
-4608
-4609
-461
-4610
-4611
-4613
-4614
-4615
-4616
-4617
-4619
-4622
-4623
-4626
-4627
-4629
-463
-4630
-4631
-4632
-4633
-4637
-4639
-4640
-4643
-4644
-4651
-4653
-4656
-4659
-466
-4660
-4661
-4662
-4665
-4666
-467
-4670
-4673
-4675
-4677
-4679
-468
-4683
-4686
-4688
-4690
-4691
-4695
-47
-4700
-4701
-4703
-4707
-4708
-4711
-4713
-4715
-4716
-4718
-4719
-4720
-4721
-4727
-473
-4730
-4732
-4733
-4734
-4737
-4738
-4739
-4743
-4746
-4747
-4748
-4749
-475
-4752
-4753
-4755
-4756
-476
-4760
-4764
-4766
-4767
-4768
-4770
-4771
-4772
-4775
-4778
-478
-4780
-4782
-4784
-4785
-4788
-4789
-4790
-4792
-4793
-4796
-4797
-480
-4801
-4803
-4807
-4808
-4810
-4811
-4812
-4813
-4815
-4816
-4819
-4823
-4824
-4827
-4828
-4829
-4830
-4834
-4838
-4839
-4842
-4846
-4848
-4850
-4852
-4853
-4854
-4858
-4860
-4865
-4866
-4869
-487
-4871
-4872
-4873
-4876
-4879
-4881
-4883
-4884
-489
-4890
-4892
-4895
-4899
-4900
-4903
-4904
-4908
-4910
-4913
-4915
-4916
-4918
-492
-4920
-4923
-4924
-4928
-4929
-493
-4931
-4932
-4934
-4935
-4936
-4937
-4940
-4941
-4943
-4945
-4946
-4947
-4948
-4949
-4950
-4951
-4954
-4956
-4957
-4959
-4960
-4962
-4968
-4970
-4971
-4972
-4975
-4977
-4980
-4982
-4983
-4984
-4986
-4989
-499
-4990
-4993
-4995
-5
-5000
-5001
-5003
-5006
-5008
-501
-5011
-5013
-5016
-5019
-502
-5020
-5023
-5028
-5029
-503
-5030
-5032
-5038
-504
-5040
-5044
-5045
-5046
-5049
-505
-5051
-5052
-5055
-5056
-5057
-5058
-506
-5061
-5062
-5067
-5070
-5072
-5077
-5082
-5087
-5088
-5089
-5097
-510
-5102
-5104
-5106
-5108
-5111
-5113
-5115
-5117
-5118
-512
-5120
-5121
-5122
-5124
-5125
-5126
-5128
-5130
-5132
-5134
-5136
-5137
-514
-5140
-5142
-5144
-5146
-5148
-5149
-5151
-5152
-5154
-5155
-5157
-516
-5161
-5162
-5164
-5165
-517
-5170
-5174
-5176
-5178
-5179
-518
-5182
-5183
-5184
-5186
-5187
-5189
-519
-5190
-5193
-5195
-5197
-5200
-5202
-5203
-5204
-5206
-5207
-5209
-521
-5211
-5213
-5215
-5217
-5219
-5220
-5225
-5227
-5228
-5229
-5232
-5233
-5237
-5238
-5239
-5244
-5246
-5249
-5250
-5251
-5255
-5257
-5259
-526
-5264
-5265
-5268
-527
-5270
-5271
-5272
-5275
-5277
-5279
-528
-5282
-5284
-5286
-5287
-5288
-5291
-5294
-5296
-5297
-53
-5300
-5301
-5303
-5305
-5307
-5309
-531
-5310
-5312
-5314
-5315
-5317
-5319
-5323
-5326
-5327
-533
-5330
-5331
-5332
-5334
-5338
-5340
-5343
-5344
-5349
-5352
-5354
-5356
-5358
-5360
-5365
-5366
-5367
-5369
-537
-5371
-5372
-5374
-5376
-5379
-5381
-5382
-5383
-5384
-5385
-5390
-5391
-5392
-5394
-5396
-5399
-54
-540
-5403
-5408
-5413
-5418
-5419
-5420
-5424
-5425
-5429
-5431
-5434
-5436
-5438
-544
-5440
-5442
-5446
-5449
-5452
-5453
-5455
-5456
-5459
-546
-5463
-5465
-5466
-5469
-547
-5471
-5472
-5474
-5476
-5478
-5479
-5480
-5482
-5483
-5485
-5486
-5490
-5491
-5492
-5494
-5498
-5501
-5505
-5508
-5509
-5511
-5512
-5513
-5515
-5517
-5518
-5519
-552
-5521
-5523
-5526
-5527
-5529
-5531
-5534
-5535
-5538
-5539
-554
-5540
-5542
-5545
-5549
-555
-5554
-5555
-5557
-5558
-5559
-556
-5562
-5564
-5565
-5567
-5569
-557
-5571
-5572
-5578
-5579
-558
-5580
-5582
-5583
-5584
-5586
-5587
-5590
-5591
-5592
-5593
-5594
-5597
-56
-560
-5601
-5603
-5606
-5608
-5609
-561
-5610
-5611
-5614
-5615
-5619
-5620
-5624
-5625
-5626
-5627
-563
-5631
-5632
-5633
-5635
-5638
-5639
-5640
-5641
-5643
-5644
-5646
-5651
-5653
-5654
-5655
-5656
-5657
-5658
-566
-5662
-5664
-5667
-5669
-5670
-5671
-5673
-5674
-5677
-5678
-5682
-5686
-5687
-5689
-569
-5692
-5695
-5698
-5700
-5702
-5704
-5705
-5708
-571
-5712
-5715
-5719
-572
-5721
-5722
-5723
-5727
-5728
-5729
-5731
-5734
-5738
-5740
-5741
-5743
-5744
-5745
-5747
-5748
-5749
-575
-5750
-5753
-5754
-5755
-5756
-5759
-576
-5760
-5762
-5764
-5765
-5766
-5769
-5772
-5773
-5775
-5776
-5779
-5781
-5782
-5784
-5789
-5790
-5794
-58
-580
-5801
-5802
-5803
-5805
-5806
-5808
-581
-5810
-5811
-5812
-5813
-5818
-5822
-5824
-5825
-5826
-5827
-5829
-5831
-5834
-584
-5840
-5843
-5844
-5845
-5846
-5847
-5848
-5851
-5852
-5853
-586
-5862
-5863
-5867
-5869
-5870
-5871
-5873
-5876
-5878
-5879
-5881
-5883
-5885
-5886
-5888
-5889
-5892
-5894
-5896
-5897
-59
-5900
-5903
-5905
-5907
-5910
-5911
-5912
-5914
-5916
-5917
-592
-5921
-5922
-5923
-5925
-5926
-5927
-5928
-5929
-593
-5930
-5933
-5938
-5940
-5941
-5943
-5944
-5946
-5947
-595
-5950
-5953
-5955
-5958
-5959
-5961
-5962
-5963
-5966
-5967
-597
-598
-599
-6
-60
-601
-602
-603
-605
-607
-608
-611
-615
-619
-620
-621
-629
-633
-636
-639
-64
-643
-644
-645
-646
-647
-648
-649
-650
-651
-652
-653
-656
-658
-66
-662
-665
-666
-668
-670
-671
-672
-673
-675
-677
-679
-680
-686
-687
-688
-690
-692
-693
-695
-698
-7
-700
-704
-710
-711
-712
-713
-714
-715
-718
-72
-720
-721
-722
-723
-724
-727
-728
-729
-73
-732
-733
-734
-736
-737
-741
-742
-743
-744
-745
-746
-749
-75
-751
-752
-753
-754
-760
-763
-765
-767
-771
-772
-773
-775
-776
-778
-779
-78
-781
-783
-785
-786
-790
-792
-793
-794
-797
-799
-8
-80
-800
-802
-805
-806
-807
-811
-814
-816
-818
-819
-820
-824
-825
-828
-83
-830
-832
-833
-836
-837
-839
-842
-846
-849
-85
-851
-852
-855
-858
-860
-862
-863
-865
-867
-87
-871
-872
-874
-878
-879
-881
-886
-887
-890
-895
-896
-899
-9
-900
-903
-907
-909
-911
-913
-915
-916
-917
-919
-92
-921
-922
-924
-925
-927
-929
-93
-930
-932
-933
-935
-936
-937
-940
-942
-943
-944
-948
-950
-951
-953
-955
-956
-959
-96
-961
-964
-967
-969
-970
-972
-973
-974
-977
-981
-982
-984
-985
-986
-988
-990
-991
-992
-993
-995
-997
-998
-ADT
-ADV
-CMP
-DEG
-DIR
-FRL
-INF
-LFD
-LOC
-MAT
-NCO
-OB1
-OB2
-POS
-PRD
-PRN
-QUE
-REL
-RFL
-RSP
-SBJ
-SMC
-SPE
-SUB
-THT
-TMP
-VOC
-X
